(0.000000, 0.000000, 0.000000) (0.000000, 0.000000, 1.000000) (1.428750, 0.635000) 0.000000
(0.000000, 0.000000, 50.000000) (0.000000, 0.000000, 1.000000) (1.428750, 0.635000) 0.000000
(0.000000, -0.001009, 51.004241) (0.000000, -0.001005, 0.999999) (1.428750, 0.635000) 0.000000
(0.000000, -0.004369, 52.016556) (0.000000, -0.003319, 0.999994) (1.428750, 0.635000) 0.000000
(0.000000, -0.010579, 53.036332) (0.000000, -0.006090, 0.999981) (1.428750, 0.635000) 0.000000
(0.000000, -0.020140, 54.062957) (0.000000, -0.009313, 0.999957) (1.428750, 0.635000) 0.000000
(0.000000, -0.033551, 55.095817) (0.000000, -0.012983, 0.999916) (1.428750, 0.635000) 0.000000
(0.000000, -0.051312, 56.134301) (0.000000, -0.017100, 0.999854) (1.428750, 0.635000) 0.000000
(0.000000, -0.073923, 57.177796) (0.000000, -0.021663, 0.999765) (1.428750, 0.635000) 0.000000
(0.000000, -0.101883, 58.225690) (0.000000, -0.026673, 0.999644) (1.428750, 0.635000) 0.000000
(0.000000, -0.135692, 59.277369) (0.000000, -0.032131, 0.999484) (1.428750, 0.635000) 0.000000
(0.000000, -0.175850, 60.332221) (0.000000, -0.038042, 0.999276) (1.428750, 0.635000) 0.000000
(0.000000, -0.222856, 61.389633) (0.000000, -0.044410, 0.999013) (1.428750, 0.635000) 0.000000
(0.000000, -0.277211, 62.448993) (0.000000, -0.051242, 0.998686) (1.428750, 0.635000) 0.000000
(0.000000, -0.339414, 63.509689) (0.000000, -0.058543, 0.998285) (1.428750, 0.635000) 0.000000
(0.000000, -0.409965, 64.571108) (0.000000, -0.066322, 0.997798) (1.428750, 0.635000) 0.000000
(0.000000, -0.489364, 65.632636) (0.000000, -0.074588, 0.997214) (1.428750, 0.635000) 0.000000
(0.000000, -0.578109, 66.693663) (0.000000, -0.083350, 0.996520) (1.428750, 0.635000) 0.000000
(0.000000, -0.676702, 67.753574) (0.000000, -0.092620, 0.995702) (1.428750, 0.635000) 0.000000
(0.000000, -0.785642, 68.811757) (0.000000, -0.102408, 0.994742) (1.428750, 0.635000) 0.000000
(0.000000, -0.905428, 69.867601) (0.000000, -0.112728, 0.993626) (1.428750, 0.635000) 0.000000
(0.000000, -1.036560, 70.920491) (0.000000, -0.123590, 0.992333) (1.428750, 0.635000) 0.000000
(0.000000, -1.179539, 71.969817) (0.000000, -0.135010, 0.990844) (1.428750, 0.635000) 0.000000
(0.000000, -1.334863, 73.014964) (0.000000, -0.147000, 0.989136) (1.428750, 0.635000) 0.000000
(0.000000, -1.503033, 74.055321) (0.000000, -0.159575, 0.987186) (1.428750, 0.635000) 0.000000
(0.000000, -1.684548, 75.090275) (0.000000, -0.172748, 0.984966) (1.428750, 0.635000) 0.000000
(0.000000, -1.879908, 76.119213) (0.000000, -0.186533, 0.982449) (1.428750, 0.635000) 0.000000
(0.000000, -2.089612, 77.141522) (0.000000, -0.200944, 0.979603) (1.428750, 0.635000) 0.000000
(0.000000, -2.314161, 78.156591) (0.000000, -0.215994, 0.976395) (1.428750, 0.635000) 0.000000
(0.000000, -2.554055, 79.163806) (0.000000, -0.231694, 0.972789) (1.428750, 0.635000) 0.000000
(0.000000, -2.809792, 80.162556) (0.000000, -0.248055, 0.968746) (1.428750, 0.635000) 0.000000
(0.000000, -3.081873, 81.152226) (0.000000, -0.265085, 0.964225) (1.428750, 0.635000) 0.000000
(0.000000, -3.370797, 82.132206) (0.000000, -0.282793, 0.959181) (1.428750, 0.635000) 0.000000
(0.000000, -3.677065, 83.101881) (0.000000, -0.301180, 0.953567) (1.428750, 0.635000) 0.000000
(0.000000, -4.001175, 84.060641) (0.000000, -0.320248, 0.947334) (1.428750, 0.635000) 0.000000
(0.000000, -4.343629, 85.007871) (0.000000, -0.339994, 0.940428) (1.428750, 0.635000) 0.000000
(0.000000, -4.704924, 85.942960) (0.000000, -0.360409, 0.932794) (1.428750, 0.635000) 0.000000
(0.000000, -5.085562, 86.865294) (0.000000, -0.381481, 0.924377) (1.428750, 0.635000) 0.000000
(0.000000, -5.486041, 87.774262) (0.000000, -0.403189, 0.915117) (1.428750, 0.635000) 0.000000
(0.000000, -5.906863, 88.669250) (0.000000, -0.425507, 0.904955) (1.428750, 0.635000) 0.000000
(0.000000, -6.348525, 89.549647) (0.000000, -0.448403, 0.893832) (1.428750, 0.635000) 0.000000
(0.000000, -6.811529, 90.414839) (0.000000, -0.471832, 0.881689) (1.428750, 0.635000) 0.000000
(0.000000, -7.296374, 91.264214) (0.000000, -0.495744, 0.868469) (1.428750, 0.635000) 0.000000
(0.000000, -7.803559, 92.097159) (0.000000, -0.520078, 0.854119) (1.428750, 0.635000) 0.000000
(0.000000, -8.333584, 92.913062) (0.000000, -0.544763, 0.838590) (1.428750, 0.635000) 0.000000
(0.000000, -8.886950, 93.711311) (0.000000, -0.569719, 0.821839) (1.428750, 0.635000) 0.000000
(0.000000, -9.464155, 94.491291) (0.000000, -0.594856, 0.803832) (1.428750, 0.635000) 0.000000
(0.000000, -10.065700, 95.252392) (0.000000, -0.620073, 0.784544) (1.428750, 0.635000) 0.000000
(0.000000, -10.692084, 95.994000) (0.000000, -0.645263, 0.763960) (1.428750, 0.635000) 0.000000
(0.000000, -11.343807, 96.715503) (0.000000, -0.670311, 0.742081) (1.428750, 0.635000) 0.000000
(0.000000, -12.021369, 97.416289) (0.000000, -0.695094, 0.718918) (1.428750, 0.635000) 0.000000
(0.000000, -12.725270, 98.095743) (0.000000, -0.719490, 0.694503) (1.428750, 0.635000) 0.000000
(0.000000, -13.456009, 98.753255) (0.000000, -0.743372, 0.668879) (1.428750, 0.635000) 0.000000
(0.000000, -14.214085, 99.388212) (0.000000, -0.766615, 0.642108) (1.428750, 0.635000) 0.000000
(0.000000, -15.000000, 100.000000) (0.000000, -0.800000, 0.600000) (1.428750, 0.635000) 0.000000
(0.000000, -15.785915, 100.614319) (0.000000, -0.787867, 0.615845) (1.428750, 0.635000) 0.566038
(0.000000, -16.543991, 101.256739) (0.000000, -0.762904, 0.646511) (1.428750, 0.635000) 1.132075
(0.000000, -17.274730, 101.926455) (0.000000, -0.737219, 0.675654) (1.428750, 0.635000) 1.698113
(0.000000, -17.978631, 102.622659) (0.000000, -0.710983, 0.703209) (1.428750, 0.635000) 2.264151
(0.000000, -18.656193, 103.344546) (0.000000, -0.684367, 0.729138) (1.428750, 0.635000) 2.830189
(0.000000, -19.307916, 104.091310) (0.000000, -0.657535, 0.753424) (1.428750, 0.635000) 3.396226
(0.000000, -19.934300, 104.862145) (0.000000, -0.630642, 0.776074) (1.428750, 0.635000) 3.962264
(0.000000, -20.535845, 105.656245) (0.000000, -0.603828, 0.797114) (1.428750, 0.635000) 4.528302
(0.000000, -21.113050, 106.472804) (0.000000, -0.577224, 0.816586) (1.428750, 0.635000) 5.094340
(0.000000, -21.666416, 107.311015) (0.000000, -0.550943, 0.834543) (1.428750, 0.635000) 5.660377
(0.000000, -22.196441, 108.170073) (0.000000, -0.525085, 0.851050) (1.428750, 0.635000) 6.226415
(0.000000, -22.703626, 109.049172) (0.000000, -0.499732, 0.866180) (1.428750, 0.635000) 6.792453
(0.000000, -23.188471, 109.947506) (0.000000, -0.474955, 0.880010) (1.428750, 0.635000) 7.358491
(0.000000, -23.651475, 110.864268) (0.000000, -0.450811, 0.892620) (1.428750, 0.635000) 7.924528
(0.000000, -24.093137, 111.798653) (0.000000, -0.427343, 0.904090) (1.428750, 0.635000) 8.490566
(0.000000, -24.513959, 112.749854) (0.000000, -0.404584, 0.914501) (1.428750, 0.635000) 9.056604
(0.000000, -24.914438, 113.717066) (0.000000, -0.382559, 0.923931) (1.428750, 0.635000) 9.622642
(0.000000, -25.295076, 114.699482) (0.000000, -0.361281, 0.932457) (1.428750, 0.635000) 10.188679
(0.000000, -25.656371, 115.696297) (0.000000, -0.340758, 0.940151) (1.428750, 0.635000) 10.754717
(0.000000, -25.998825, 116.706704) (0.000000, -0.320991, 0.947082) (1.428750, 0.635000) 11.320755
(0.000000, -26.322935, 117.729898) (0.000000, -0.301976, 0.953316) (1.428750, 0.635000) 11.886792
(0.000000, -26.629203, 118.765072) (0.000000, -0.283705, 0.958912) (1.428750, 0.635000) 12.452830
(0.000000, -26.918127, 119.811420) (0.000000, -0.266166, 0.963927) (1.428750, 0.635000) 13.018868
(0.000000, -27.190208, 120.868137) (0.000000, -0.249345, 0.968415) (1.428750, 0.635000) 13.584906
(0.000000, -27.445945, 121.934416) (0.000000, -0.233227, 0.972422) (1.428750, 0.635000) 14.150943
(0.000000, -27.685839, 123.009451) (0.000000, -0.217793, 0.975995) (1.428750, 0.635000) 14.716981
(0.000000, -27.910388, 124.092436) (0.000000, -0.203025, 0.979174) (1.428750, 0.635000) 15.283019
(0.000000, -28.120092, 125.182565) (0.000000, -0.188903, 0.981996) (1.428750, 0.635000) 15.849057
(0.000000, -28.315452, 126.279033) (0.000000, -0.175410, 0.984496) (1.428750, 0.635000) 16.415094
(0.000000, -28.496967, 127.381033) (0.000000, -0.162524, 0.986705) (1.428750, 0.635000) 16.981132
(0.000000, -28.665137, 128.487758) (0.000000, -0.150228, 0.988651) (1.428750, 0.635000) 17.547170
(0.000000, -28.820461, 129.598404) (0.000000, -0.138502, 0.990362) (1.428750, 0.635000) 18.113208
(0.000000, -28.963440, 130.712164) (0.000000, -0.127330, 0.991860) (1.428750, 0.635000) 18.679245
(0.000000, -29.094572, 131.828231) (0.000000, -0.116692, 0.993168) (1.428750, 0.635000) 19.245283
(0.000000, -29.214358, 132.945801) (0.000000, -0.106574, 0.994305) (1.428750, 0.635000) 19.811321
(0.000000, -29.323298, 134.064066) (0.000000, -0.096959, 0.995288) (1.428750, 0.635000) 20.377358
(0.000000, -29.421891, 135.182222) (0.000000, -0.087834, 0.996135) (1.428750, 0.635000) 20.943396
(0.000000, -29.510636, 136.299461) (0.000000, -0.079184, 0.996860) (1.428750, 0.635000) 21.509434
(0.000000, -29.590035, 137.414977) (0.000000, -0.070997, 0.997477) (1.428750, 0.635000) 22.075472
(0.000000, -29.660586, 138.527966) (0.000000, -0.063262, 0.997997) (1.428750, 0.635000) 22.641509
(0.000000, -29.722789, 139.637620) (0.000000, -0.055968, 0.998433) (1.428750, 0.635000) 23.207547
(0.000000, -29.777144, 140.743134) (0.000000, -0.049108, 0.998793) (1.428750, 0.635000) 23.773585
(0.000000, -29.824150, 141.843702) (0.000000, -0.042672, 0.999089) (1.428750, 0.635000) 24.339623
(0.000000, -29.864308, 142.938517) (0.000000, -0.036655, 0.999328) (1.428750, 0.635000) 24.905660
(0.000000, -29.898117, 144.026774) (0.000000, -0.031052, 0.999518) (1.428750, 0.635000) 25.471698
(0.000000, -29.926077, 145.107666) (0.000000, -0.025859, 0.999666) (1.428750, 0.635000) 26.037736
(0.000000, -29.948688, 146.180388) (0.000000, -0.021073, 0.999778) (1.428750, 0.635000) 26.603774
(0.000000, -29.966449, 147.244133) (0.000000, -0.016694, 0.999861) (1.428750, 0.635000) 27.169811
(0.000000, -29.979860, 148.298096) (0.000000, -0.012723, 0.999919) (1.428750, 0.635000) 27.735849
(0.000000, -29.989421, 149.341470) (0.000000, -0.009163, 0.999958) (1.428750, 0.635000) 28.301887
(0.000000, -29.995631, 150.373449) (0.000000, -0.006018, 0.999982) (1.428750, 0.635000) 28.867925
(0.000000, -29.998991, 151.393228) (0.000000, -0.003295, 0.999995) (1.428750, 0.635000) 29.433962
(0.000000, -30.000000, 152.400000) (0.000000, 0.000000, 1.000000) (1.428750, 0.635000) 30.000000
