(0.000000, 0.000000, 0.000000) (0.000000, 0.000000, 1.000000) (2.222500, 0.635000) 0.000000
(0.000000, 0.000000, 3.000000) (0.000000, 0.000000, 1.000000) (2.222500, 0.635000) 1.000000
(0.017929, -0.026164, 3.983160) (0.018227, -0.026598, 0.999480) (2.222500, 0.635000) 2.015202
(0.070786, -0.103297, 4.933513) (0.055351, -0.080772, 0.995195) (2.222500, 0.635000) 3.030404
(0.157174, -0.229359, 5.852373) (0.092742, -0.135336, 0.986450) (2.222500, 0.635000) 4.045606
(0.275695, -0.402313, 6.741051) (0.129804, -0.189419, 0.973279) (2.222500, 0.635000) 5.060808
(0.424952, -0.620119, 7.600859) (0.165945, -0.242158, 0.955940) (2.222500, 0.635000) 6.076010
(0.603548, -0.880740, 8.433111) (0.200624, -0.292765, 0.934900) (2.222500, 0.635000) 7.091212
(0.810086, -1.182135, 9.239117) (0.233389, -0.340577, 0.910789) (2.222500, 0.635000) 8.106413
(1.043169, -1.522266, 10.020191) (0.263899, -0.385100, 0.884339) (2.222500, 0.635000) 9.121615
(1.301400, -1.899095, 10.777645) (0.291937, -0.426014, 0.856320) (2.222500, 0.635000) 10.136817
(1.583381, -2.310582, 11.512790) (0.317400, -0.463172, 0.827483) (2.222500, 0.635000) 11.152019
(1.887717, -2.754690, 12.226940) (0.340287, -0.496570, 0.798513) (2.222500, 0.635000) 12.167221
(2.213008, -3.229378, 12.921406) (0.360673, -0.526320, 0.770002) (2.222500, 0.635000) 13.182423
(2.557859, -3.732609, 13.597500) (0.378690, -0.552612, 0.742438) (2.222500, 0.635000) 14.197625
(2.920873, -4.262344, 14.256535) (0.394504, -0.575688, 0.716205) (2.222500, 0.635000) 15.212827
(3.300651, -4.816544, 14.899824) (0.408296, -0.595814, 0.691592) (2.222500, 0.635000) 16.228029
(3.695798, -5.393170, 15.528677) (0.420251, -0.613260, 0.668806) (2.222500, 0.635000) 17.243231
(4.104916, -5.990184, 16.144409) (0.430548, -0.628287, 0.647985) (2.222500, 0.635000) 18.258433
(4.526608, -6.605546, 16.748330) (0.439354, -0.641136, 0.629216) (2.222500, 0.635000) 19.273635
(4.959476, -7.237219, 17.341753) (0.446818, -0.652028, 0.612546) (2.222500, 0.635000) 20.288837
(5.402124, -7.883162, 17.925990) (0.453072, -0.661155, 0.597996) (2.222500, 0.635000) 21.304038
(5.853155, -8.541338, 18.502354) (0.458231, -0.668683, 0.585565) (2.222500, 0.635000) 22.319240
(6.311172, -9.209708, 19.072157) (0.462390, -0.674752, 0.575244) (2.222500, 0.635000) 23.334442
(6.774776, -9.886233, 19.636710) (0.465626, -0.679475, 0.567015) (2.222500, 0.635000) 24.349644
(7.242572, -10.568874, 20.197327) (0.468001, -0.682940, 0.560863) (2.222500, 0.635000) 25.364846
(7.713163, -11.255593, 20.755320) (0.469560, -0.685215, 0.556771) (2.222500, 0.635000) 26.380048
(8.185150, -11.944350, 21.312000) (0.470332, -0.686342, 0.554728) (2.222500, 0.635000) 27.395250
(8.657137, -12.633107, 21.868680) (0.470332, -0.686342, 0.554728) (2.222500, 0.635000) 28.410452
(9.127728, -13.319826, 22.426673) (0.469560, -0.685215, 0.556771) (2.222500, 0.635000) 29.425654
(9.595524, -14.002467, 22.987290) (0.468001, -0.682940, 0.560863) (2.222500, 0.635000) 30.440856
(10.059128, -14.678992, 23.551843) (0.465626, -0.679475, 0.567015) (2.222500, 0.635000) 31.456058
(10.517145, -15.347362, 24.121646) (0.462390, -0.674752, 0.575244) (2.222500, 0.635000) 32.471260
(10.968176, -16.005538, 24.698010) (0.458231, -0.668683, 0.585565) (2.222500, 0.635000) 33.486462
(11.410824, -16.651481, 25.282247) (0.453072, -0.661155, 0.597996) (2.222500, 0.635000) 34.501663
(11.843692, -17.283154, 25.875670) (0.446818, -0.652028, 0.612546) (2.222500, 0.635000) 35.516865
(12.265384, -17.898516, 26.479591) (0.439354, -0.641136, 0.629216) (2.222500, 0.635000) 36.532067
(12.674502, -18.495530, 27.095323) (0.430548, -0.628287, 0.647985) (2.222500, 0.635000) 37.547269
(13.069649, -19.072156, 27.724176) (0.420251, -0.613260, 0.668806) (2.222500, 0.635000) 38.562471
(13.449427, -19.626356, 28.367465) (0.408296, -0.595814, 0.691592) (2.222500, 0.635000) 39.577673
(13.812441, -20.156091, 29.026500) (0.394504, -0.575688, 0.716205) (2.222500, 0.635000) 40.592875
(14.157292, -20.659322, 29.702594) (0.378690, -0.552612, 0.742438) (2.222500, 0.635000) 41.608077
(14.482583, -21.134010, 30.397060) (0.360673, -0.526320, 0.770002) (2.222500, 0.635000) 42.623279
(14.786919, -21.578118, 31.111210) (0.340287, -0.496570, 0.798513) (2.222500, 0.635000) 43.638481
(15.068900, -21.989605, 31.846355) (0.317400, -0.463172, 0.827483) (2.222500, 0.635000) 44.653683
(15.327131, -22.366434, 32.603809) (0.291937, -0.426014, 0.856320) (2.222500, 0.635000) 45.668885
(15.560214, -22.706565, 33.384883) (0.263899, -0.385100, 0.884339) (2.222500, 0.635000) 46.684087
(15.766752, -23.007960, 34.190889) (0.233389, -0.340577, 0.910789) (2.222500, 0.635000) 47.699288
(15.945348, -23.268581, 35.023141) (0.200624, -0.292765, 0.934900) (2.222500, 0.635000) 48.714490
(16.094605, -23.486387, 35.882949) (0.165945, -0.242158, 0.955940) (2.222500, 0.635000) 49.729692
(16.213126, -23.659341, 36.771627) (0.129804, -0.189419, 0.973279) (2.222500, 0.635000) 50.744894
(16.299514, -23.785403, 37.690487) (0.092742, -0.135336, 0.986450) (2.222500, 0.635000) 51.760096
(16.352371, -23.862536, 38.640840) (0.055351, -0.080772, 0.995195) (2.222500, 0.635000) 52.775298
(16.370300, -23.888700, 39.624000) (0.000000, 0.000000, 1.000000) (2.222500, 0.635000) 53.790500
(16.370300, -23.888700, 72.000000) (0.000000, 0.000000, 1.000000) (2.222500, 0.635000) 53.790500
