(0.000000, 0.000000, 0.000000) (0.000000, 0.000000, 1.000000) (1.428750, 0.635000) 0.000000
(0.014069, -0.026371, 0.985894) (0.014264, -0.026736, 0.999541) (1.428750, 0.635000) 1.014915
(0.055560, -0.104139, 1.944295) (0.043110, -0.080803, 0.995797) (1.428750, 0.635000) 2.029830
(0.123397, -0.231289, 2.876282) (0.071933, -0.134827, 0.988255) (1.428750, 0.635000) 3.044745
(0.216506, -0.405806, 3.782932) (0.100335, -0.188062, 0.977019) (1.428750, 0.635000) 4.059660
(0.333809, -0.625674, 4.665324) (0.127934, -0.239793, 0.962358) (1.428750, 0.635000) 5.074575
(0.474233, -0.888877, 5.524535) (0.154392, -0.289385, 0.944680) (1.428750, 0.635000) 6.089491
(0.636702, -1.193400, 6.361644) (0.179430, -0.336313, 0.924499) (1.428750, 0.635000) 7.104406
(0.820140, -1.537226, 7.177730) (0.202838, -0.380189, 0.902393) (1.428750, 0.635000) 8.119321
(1.023473, -1.918342, 7.973869) (0.224484, -0.420761, 0.878958) (1.428750, 0.635000) 9.134236
(1.245624, -2.334730, 8.751141) (0.244302, -0.457906, 0.854774) (1.428750, 0.635000) 10.149151
(1.485519, -2.784375, 9.510623) (0.262287, -0.491616, 0.830373) (1.428750, 0.635000) 11.164066
(1.742081, -3.265262, 10.253394) (0.278480, -0.521968, 0.806224) (1.428750, 0.635000) 12.178981
(2.014237, -3.775376, 10.980532) (0.292960, -0.549108, 0.782723) (1.428750, 0.635000) 13.193896
(2.300909, -4.312699, 11.693115) (0.305825, -0.573222, 0.760189) (1.428750, 0.635000) 14.208811
(2.601024, -4.875218, 12.392220) (0.317188, -0.594519, 0.738877) (1.428750, 0.635000) 15.223726
(2.913506, -5.460916, 13.078927) (0.327165, -0.613220, 0.718975) (1.428750, 0.635000) 16.238642
(3.237278, -6.067778, 13.754314) (0.335871, -0.629538, 0.700623) (1.428750, 0.635000) 17.253557
(3.571267, -6.693788, 14.419458) (0.343415, -0.643679, 0.683918) (1.428750, 0.635000) 18.268472
(3.914396, -7.336930, 15.075438) (0.349899, -0.655831, 0.668922) (1.428750, 0.635000) 19.283387
(4.265590, -7.995190, 15.723331) (0.355412, -0.666164, 0.655674) (1.428750, 0.635000) 20.298302
(4.623774, -8.666551, 16.364217) (0.360033, -0.674826, 0.644194) (1.428750, 0.635000) 21.313217
(4.987873, -9.348997, 16.999173) (0.363831, -0.681946, 0.634490) (1.428750, 0.635000) 22.328132
(5.356811, -10.040514, 17.629277) (0.366863, -0.687628, 0.626561) (1.428750, 0.635000) 23.343047
(5.729512, -10.739085, 18.255607) (0.369175, -0.691961, 0.620404) (1.428750, 0.635000) 24.357962
(6.104902, -11.442696, 18.879243) (0.370801, -0.695009, 0.616011) (1.428750, 0.635000) 25.372877
(6.481905, -12.149329, 19.501261) (0.371767, -0.696819, 0.613378) (1.428750, 0.635000) 26.387792
(6.859445, -12.856971, 20.122739) (0.372087, -0.697419, 0.612501) (1.428750, 0.635000) 27.402708
(7.236448, -13.563604, 20.744757) (0.371767, -0.696819, 0.613378) (1.428750, 0.635000) 28.417623
(7.611838, -14.267215, 21.368393) (0.370801, -0.695009, 0.616011) (1.428750, 0.635000) 29.432538
(7.984539, -14.965786, 21.994723) (0.369175, -0.691961, 0.620404) (1.428750, 0.635000) 30.447453
(8.353477, -15.657303, 22.624827) (0.366863, -0.687628, 0.626561) (1.428750, 0.635000) 31.462368
(8.717576, -16.339749, 23.259783) (0.363831, -0.681946, 0.634490) (1.428750, 0.635000) 32.477283
(9.075760, -17.011110, 23.900669) (0.360033, -0.674826, 0.644194) (1.428750, 0.635000) 33.492198
(9.426954, -17.669370, 24.548562) (0.355412, -0.666164, 0.655674) (1.428750, 0.635000) 34.507113
(9.770083, -18.312512, 25.204542) (0.349899, -0.655831, 0.668922) (1.428750, 0.635000) 35.522028
(10.104072, -18.938522, 25.869686) (0.343415, -0.643679, 0.683918) (1.428750, 0.635000) 36.536943
(10.427844, -19.545384, 26.545073) (0.335871, -0.629538, 0.700623) (1.428750, 0.635000) 37.551858
(10.740326, -20.131082, 27.231780) (0.327165, -0.613220, 0.718975) (1.428750, 0.635000) 38.566774
(11.040441, -20.693601, 27.930885) (0.317188, -0.594519, 0.738877) (1.428750, 0.635000) 39.581689
(11.327113, -21.230924, 28.643468) (0.305825, -0.573222, 0.760189) (1.428750, 0.635000) 40.596604
(11.599269, -21.741038, 29.370606) (0.292960, -0.549108, 0.782723) (1.428750, 0.635000) 41.611519
(11.855831, -22.221925, 30.113377) (0.278480, -0.521968, 0.806224) (1.428750, 0.635000) 42.626434
(12.095726, -22.671570, 30.872859) (0.262287, -0.491616, 0.830373) (1.428750, 0.635000) 43.641349
(12.317877, -23.087958, 31.650131) (0.244302, -0.457906, 0.854774) (1.428750, 0.635000) 44.656264
(12.521210, -23.469074, 32.446270) (0.224484, -0.420761, 0.878958) (1.428750, 0.635000) 45.671179
(12.704648, -23.812900, 33.262356) (0.202838, -0.380189, 0.902393) (1.428750, 0.635000) 46.686094
(12.867117, -24.117423, 34.099465) (0.179430, -0.336313, 0.924499) (1.428750, 0.635000) 47.701009
(13.007541, -24.380626, 34.958676) (0.154392, -0.289385, 0.944680) (1.428750, 0.635000) 48.715925
(13.124844, -24.600494, 35.841068) (0.127934, -0.239793, 0.962358) (1.428750, 0.635000) 49.730840
(13.217953, -24.775011, 36.747718) (0.100335, -0.188062, 0.977019) (1.428750, 0.635000) 50.745755
(13.285790, -24.902161, 37.679705) (0.071933, -0.134827, 0.988255) (1.428750, 0.635000) 51.760670
(13.327281, -24.979929, 38.638106) (0.043110, -0.080803, 0.995797) (1.428750, 0.635000) 52.775585
(13.341350, -25.006300, 39.624000) (0.000000, 0.000000, 1.000000) (1.428750, 0.635000) 53.790500
(13.341350, -25.006300, 72.000000) (0.000000, 0.000000, 1.000000) (1.428750, 0.635000) 53.790500
