(0.000000, 0.000000, 0.000000) (0.000000, 0.000000, 1.000000) (1.428750, 0.635000) 0.000000
(0.000000, 0.000000, 6.000000) (0.000000, 0.000000, 1.000000) (1.428750, 0.635000) 1.000000
(0.021219, -0.024968, 6.979874) (0.021643, -0.025466, 0.999441) (1.428750, 0.635000) 2.015202
(0.083774, -0.098574, 7.920541) (0.066153, -0.077840, 0.994769) (1.428750, 0.635000) 3.030404
(0.186011, -0.218873, 8.823569) (0.111525, -0.131227, 0.985059) (1.428750, 0.635000) 4.045606
(0.326278, -0.383919, 9.690527) (0.156967, -0.184697, 0.970180) (1.428750, 0.635000) 5.060808
(0.502920, -0.591767, 10.522983) (0.201645, -0.237268, 0.950286) (1.428750, 0.635000) 6.076010
(0.714284, -0.840472, 11.322505) (0.244754, -0.287993, 0.925827) (1.428750, 0.635000) 7.091212
(0.958717, -1.128087, 12.090662) (0.285592, -0.336045, 0.897503) (1.428750, 0.635000) 8.106413
(1.234565, -1.452667, 12.829021) (0.323606, -0.380775, 0.866192) (1.428750, 0.635000) 9.121615
(1.540175, -1.812267, 13.539152) (0.358428, -0.421749, 0.832861) (1.428750, 0.635000) 10.136817
(1.873893, -2.204941, 14.222622) (0.389870, -0.458745, 0.798470) (1.428750, 0.635000) 11.152019
(2.234066, -2.628744, 14.880999) (0.417905, -0.491733, 0.763907) (1.428750, 0.635000) 12.167221
(2.619041, -3.081730, 15.515853) (0.442634, -0.520831, 0.729938) (1.428750, 0.635000) 13.182423
(3.027164, -3.561953, 16.128750) (0.464249, -0.546265, 0.697185) (1.428750, 0.635000) 14.197625
(3.456782, -4.067468, 16.721260) (0.482995, -0.568323, 0.666126) (1.428750, 0.635000) 15.212827
(3.906240, -4.596330, 17.294951) (0.499143, -0.587324, 0.637108) (1.428750, 0.635000) 16.228029
(4.373887, -5.146593, 17.851390) (0.512967, -0.603589, 0.610365) (1.428750, 0.635000) 17.243231
(4.858068, -5.716311, 18.392147) (0.524727, -0.617428, 0.586041) (1.428750, 0.635000) 18.258433
(5.357130, -6.303538, 18.918789) (0.534666, -0.629122, 0.564214) (1.428750, 0.635000) 19.273635
(5.869419, -6.906330, 19.432885) (0.542997, -0.638925, 0.544912) (1.428750, 0.635000) 20.288837
(6.393282, -7.522741, 19.936004) (0.549907, -0.647055, 0.528130) (1.428750, 0.635000) 21.304038
(6.927066, -8.150825, 20.429712) (0.555554, -0.653700, 0.513844) (1.428750, 0.635000) 22.319240
(7.469117, -8.788637, 20.915579) (0.560070, -0.659014, 0.502018) (1.428750, 0.635000) 23.334442
(8.017782, -9.434231, 21.395174) (0.563561, -0.663121, 0.492615) (1.428750, 0.635000) 24.349644
(8.571407, -10.085661, 21.870063) (0.566109, -0.666120, 0.485598) (1.428750, 0.635000) 25.364846
(9.128340, -10.740983, 22.341816) (0.567775, -0.668080, 0.480937) (1.428750, 0.635000) 26.380048
(9.686925, -11.398250, 22.812000) (0.568598, -0.669049, 0.478613) (1.428750, 0.635000) 27.395250
(10.245510, -12.055517, 23.282184) (0.568598, -0.669049, 0.478613) (1.428750, 0.635000) 28.410452
(10.802443, -12.710839, 23.753937) (0.567775, -0.668080, 0.480937) (1.428750, 0.635000) 29.425654
(11.356068, -13.362269, 24.228826) (0.566109, -0.666120, 0.485598) (1.428750, 0.635000) 30.440856
(11.904733, -14.007863, 24.708421) (0.563561, -0.663121, 0.492615) (1.428750, 0.635000) 31.456058
(12.446784, -14.645675, 25.194288) (0.560070, -0.659014, 0.502018) (1.428750, 0.635000) 32.471260
(12.980568, -15.273759, 25.687996) (0.555554, -0.653700, 0.513844) (1.428750, 0.635000) 33.486462
(13.504431, -15.890170, 26.191115) (0.549907, -0.647055, 0.528130) (1.428750, 0.635000) 34.501663
(14.016720, -16.492962, 26.705211) (0.542997, -0.638925, 0.544912) (1.428750, 0.635000) 35.516865
(14.515782, -17.080189, 27.231853) (0.534666, -0.629122, 0.564214) (1.428750, 0.635000) 36.532067
(14.999963, -17.649907, 27.772610) (0.524727, -0.617428, 0.586041) (1.428750, 0.635000) 37.547269
(15.467610, -18.200170, 28.329049) (0.512967, -0.603589, 0.610365) (1.428750, 0.635000) 38.562471
(15.917068, -18.729032, 28.902740) (0.499143, -0.587324, 0.637108) (1.428750, 0.635000) 39.577673
(16.346686, -19.234547, 29.495250) (0.482995, -0.568323, 0.666126) (1.428750, 0.635000) 40.592875
(16.754809, -19.714770, 30.108147) (0.464249, -0.546265, 0.697185) (1.428750, 0.635000) 41.608077
(17.139784, -20.167756, 30.743001) (0.442634, -0.520831, 0.729938) (1.428750, 0.635000) 42.623279
(17.499957, -20.591559, 31.401378) (0.417905, -0.491733, 0.763907) (1.428750, 0.635000) 43.638481
(17.833675, -20.984233, 32.084848) (0.389870, -0.458745, 0.798470) (1.428750, 0.635000) 44.653683
(18.139285, -21.343833, 32.794979) (0.358428, -0.421749, 0.832861) (1.428750, 0.635000) 45.668885
(18.415133, -21.668413, 33.533338) (0.323606, -0.380775, 0.866192) (1.428750, 0.635000) 46.684087
(18.659566, -21.956028, 34.301495) (0.285592, -0.336045, 0.897503) (1.428750, 0.635000) 47.699288
(18.870930, -22.204733, 35.101017) (0.244754, -0.287993, 0.925827) (1.428750, 0.635000) 48.714490
(19.047572, -22.412581, 35.933473) (0.201645, -0.237268, 0.950286) (1.428750, 0.635000) 49.729692
(19.187839, -22.577627, 36.800431) (0.156967, -0.184697, 0.970180) (1.428750, 0.635000) 50.744894
(19.290076, -22.697926, 37.703459) (0.111525, -0.131227, 0.985059) (1.428750, 0.635000) 51.760096
(19.352631, -22.771532, 38.644126) (0.066153, -0.077840, 0.994769) (1.428750, 0.635000) 52.775298
(19.373850, -22.796500, 39.624000) (0.000000, 0.000000, 1.000000) (1.428750, 0.635000) 53.790500
(19.373850, -22.796500, 72.000000) (0.000000, 0.000000, 1.000000) (1.428750, 0.635000) 53.790500
